Please * 100 for getting the percentage!
0.0
0.0
0.032154340836012874
0.07005253940455336
0.0650887573964497
0.005586592178770999
0.0481927710843374
0.0044345898004434225
0.041474654377880234
0.0013774104683195176
0.09903244166192371
0.03202995008319465
0.04830053667262968
0.039269911504424826
0.02940246601327856
0.039872186718532876
0.008028098344204704
0.018676796454574207
0.021383276802831475
0.05405009521019477
0.0012210012210012167
0.023608277470125283
0.031826769364917906
0.036302976249463215
0.0020016484163428716
0.015144831642405543
0.03613478061026054
0.04138025609818808
0.0017538731365097648
0.018897414038078986
0.03281432171198617
0.03260124177555368
