Please * 100 for getting the percentage!
0.0
0.0
0.007246376811594235
0.022875816993464082
0.0
0.010948905109489093
0.049668874172185455
0.17114093959731547
0.026627218934911268
0.0
0.026548672566371723
0.07547169811320753
0.0
0.09726443768996962
0.0
0.038922155688622784
0.0
0.1404494382022472
0.03289473684210531
0.02588996763754048
0.0
0.1270718232044199
0.024561403508771895
0.07228915662650603
0.032697547683923744
0.034267912772585674
0.0029761904761904656
0.0
0.0
0.0
0.0
0.0
0.0
0.0
0.0
0.0
0.0033222591362126463
0.0
0.0
0.055710306406685284
