Please * 100 for getting the percentage!
0.0
0.0
0.02898550724637683
0.022875816993464082
0.013937282229965153
0.010948905109489093
0.1556291390728477
0.17114093959731547
0.09171597633136097
0.0337078651685393
0.026548672566371723
0.07547169811320753
0.0
0.09726443768996962
0.0
0.038922155688622784
0.0
0.1404494382022472
0.03289473684210531
0.02588996763754048
0.0
0.1270718232044199
0.024561403508771895
0.07228915662650603
0.032697547683923744
0.03738317757009346
0.0029761904761904656
0.0
0.0
0.0
0.0
0.0
0.0
0.0
0.0
0.0
0.0033222591362126463
0.0
0.0
0.055710306406685284
