0.0
0.0
0.337620578778135
0.25919439579684767
0.26627218934911245
0.008379888268156388
0.18473895582329314
0.2062084257206208
0.02304147465437789
0.07300275482093666
0.25270347182697783
0.08943427620632283
0.04740608228980325
0.060840707964601726
0.05343028770154912
0.024173381494859703
0.02960361264425493
0.05539727761949986
0.052647102197316054
0.08524974366486016
0.012698412698412653
0.05056834742057714
0.04069175991861651
0.04657615697155881
0.01118568232662187
0.0308778120864579
0.04907541632782941
0.039477518555976476
0.01040631394329139
0.037865870986075634
0.04195343939222984
0.03681771846909465
