Please * 100 for getting the percentage!
0.0
0.0
0.032154340836012874
0.0735551663747811
0.0650887573964497
0.008379888268156388
0.0481927710843374
0.006651884700665134
0.055299539170506895
0.0027548209366391463
0.1018782014797951
0.03785357737104822
0.04830053667262968
0.039269911504424826
0.03572557698387602
0.039872186718532876
0.009031610637230347
0.01962646407090851
0.025954873912402254
0.05426981104438255
0.006349206349206327
0.023608277470125283
0.03516930678680419
0.036897565487397976
0.0028258565877781194
0.015144831642405543
0.03613478061026054
0.04515144762329227
0.003624671148786951
0.0190394998579142
0.0352589416676069
0.03260124177555368
