Numbers are already in %!
0.0
0.0
1.4000991033490198
0.131056300762663
0.0
0.1766635564339857
0.0
0.08869179600886845
0.6772782698939631
0.06747905627502208
0.5730091268595654
0.9672074295729522
0.03577817531305705
0.22777942789794486
0.24276135087514827
0.13931593372294343
0.03754799183917855
0.17951816244074395
0.17632485093803085
0.04562007178085975
0.2051282051282044
0.34295840093455005
0.1410203106607531
0.21750896223427363
0.07409458482304045
0.12634936661632717
0.13888388617897252
0.17037790757012386
0.07236129060165493
0.06508864405255081
0.12548291381333132
0.04295483454475232
